Janvier 31 temperature ( -31 -25 -20 -25 -5 5 -30 -18 -20 -21 -15 0 -31 -15 -20 -25 -5 5 -30 -18 -20 -21 -25 -20 -28 -10 -14 -18 -13 -5 8 ) 
precipitation ( 11 10 0 2 8 17 3 0 0 0 0 15 10 5 1 1 1 0 0 10 15 11 5 5 5 7 0 1 1 0 10 )
Fevrier 28 temperature ( -30 -35 -25 -20 -25 -15 -28 -18 -10 -21 -15 -10 -10 -19 -12 -25 -15 -10 -13 -18 -12 -12 -10 -8 -18 -10 -14 -8 )
precipitation ( 1 10 8 20 28 10 3 10 1 1 0 1 11 15 10 5 3 1 0 1 1 1 15 15 7 7 1 5 )
Mars 31 temperature ( -28 -17 -20 -21 -15 5 8 10 -10 -8 -10 -8 3 5 2 15 5 5 0 8 0 2 5 0 8 10 14 18 13 5 8 )
precipitation ( 11 10 0 2 8 17 3 0 10 0 15 10 5 1 1 1 0 0 10 15 11 15 8 5 7 0 2 3 0 9 10 )
Avril 30 temperature ( 0 -1 -2 -5 -8 5 0 10 2 -2 -5 0 -10 -11 10 5 5 8 10 18 20 21 15 10 8 10 14 18 10 12 )
precipitation ( 17 15 10 7 9 7 13 1 10 15 3 0 1 5 1 10 1 0 0 0 0 0 0 0 5 7 10 10 10 10 )
Mai 31 temperature ( 18 17 20 21 15 15 18 10 10 8 10 9 13 15 20 25 5 10 18 10 12 15 10 8 9 10 14 18 13 5 8 )
precipitation ( 5 1 1 1 0 0 10 15 11 5 6 15 7 0 1 1 0 1 11 10 0 2 8 7 3 0 0 0 0 1 1 )
Juin 30 temperature ( 13 15 20 25 5 7 8 8 10 11 15 20 22 25 20 25 25 27 30 18 20 21 15 10 8 10 14 12 18 11 )
precipitation ( 1 1 0 2 4 14 13 1 1 0 0 1 1 5 10 10 11 10 20 10 15 11 1 0 0 0 0 1 0 1 )
Juillet 31 temperature ( 18 20 25 21 25 25 28 29 25 28 18 10 13 15 10 15 15 15 23 28 25 24 25 31 28 21 24 28 23 25 31 )
precipitation ( 1 1 0 2 0 1 3 0 0 0 0 1 1 5 1 1 1 0 0 1 1 1 5 5 5 0 0 1 1 0 1 )
Aout 31 temperature ( 22 27 20 21 25 25 28 30 25 29 30 30 33 35 30 25 25 25 27 28 20 22 25 20 28 26 24 28 23 25 28 )
precipitation ( 8 7 3 10 0 0 0 5 10 1 1 10 0 0 1 5 11 5 6 2 0 1 1 0 10 2 2 3 1 1 1 )
Septembre 30 temperature ( 31 25 20 25 25 25 30 18 20 21 15 10 11 15 20 25 5 5 13 18 20 21 15 10 8 10 14 18 19 17 )
precipitation ( 0 0 0 2 1 1 3 0 0 0 0 15 10 15 11 14 1 0 0 0 0 0 5 5 5 1 0 1 0 1 )
Octobre 31 temperature ( 18 17 20 18 15 10 8 10 10 8 10 10 13 15 10 15 15 15 10 18 10 12 5 3 8 10 14 13 13 6 9 )
precipitation ( 3 0 0 11 10 0 2 8 17 0 0 15 10 5 11 10 15 10 0 10 15 11 25 25 5 7 0 1 1 0 10 )
Novembre 30 temperature ( -1 -5 -2 0 5 5 3 -1 -2 -2 -5 0 3 5 2 5 -5 5 -3 -10 0 -2 -5 0 -8 -10 -14 -8 -1 2 )
precipitation ( 21 10 20 22 28 17 3 10 1 5 0 10 11 15 1 1 1 2 2 12 13 14 15 10 15 17 20 21 20 21 )
Decembre 31 temperature ( -18 -17 -20 -21 -15 -5 -8 -10 -15 -8 -11 -5 3 5 10 5 5 5 -10 -18 -10 -12 -15 0 -8 -10 -14 -18 -13 -25 -28 )
precipitation ( 1 1 0 2 18 17 13 10 10 15 10 5 1 1 1 0 0 0 0 0 0 0 15 7 0 3 1 0 10 10 10 )
